2 0.09063444108761329 0.09114583333333334 0.08056394763343404 0.052083333333333336 0.050352467270896276 0.09114583333333333 1 0.1309164149043303 0.08246527777777778 1 0.1309164149043303 0.0998263888888889 1
0 0.331726230648732 0.15430648047388387 0.12084592145015106 0.06510416666666667 0.2713032699236565 0.14345578602943945 1 0.2713032699236565 0.16515717491832835 1 0.39214919137380755 0.14345578602943945 1 0.39214919137380755 0.16515717491832835 1
0 0.5315233159643656 0.09765625 0.12084592145015106 0.06510416666666667 0.4711003552392901 0.08138020833333333 1 0.4711003552392901 0.09765625 1 0.4711003552392901 0.11393229166666667 1 0.5919462766894412 0.08680555555555557 1 0.5919462766894412 0.10850694444444446 1
0 0.7617680487840176 0.09765625 0.12084592145015106 0.06510416666666667 0.701345088058942 0.09765625 1 0.8221910095090931 0.08680555555555557 1 0.8221910095090931 0.10850694444444446 1
2 0.15134013972674332 0.42301907142107176 0.12084592145015106 0.06510416666666667 0.09091717900166778 0.42301907142107176 1 0.21176310045181884 0.41216837697662734 1 0.21176310045181884 0.4338697658655162 1
2 0.2969395879591052 0.37780367129855713 0.12084592145015106 0.06510416666666667 0.23651662723402966 0.37780367129855713 1 0.3573625486841807 0.3615276296318905 1 0.3573625486841807 0.37780367129855713 1 0.3573625486841807 0.3940797129652238 1
1 0.5833214092316796 0.40378229297103013 0.10070493454179255 0.078125 0.5329689419607834 0.40378229297103013 1 0.6336738765025759 0.38425104297103013 1 0.6336738765025759 0.40378229297103013 1 0.6336738765025759 0.42331354297103013 1
2 0.7430261918277794 0.3695765697763818 0.12084592145015106 0.06510416666666667 0.6826032311027038 0.3695765697763818 1 0.8034491525528549 0.3533005281097152 1 0.8034491525528549 0.3695765697763818 1 0.8034491525528549 0.3858526114430485 1
2 0.11902602288417422 0.6514653113055298 0.12084592145015106 0.06510416666666667 0.05860306215909868 0.6514653113055296 1 0.17944898360924974 0.6406146168610852 1 0.17944898360924974 0.6623160057499741 1
1 0.3480328794260959 0.7187622309002282 0.10070493454179255 0.078125 0.29768041215519964 0.7057413975668948 1 0.29768041215519964 0.7317830642335615 1 0.39838534669699216 0.7187622309002282 1
3 0.5700027127938572 0.6275021537789993 0.08056394763343404 0.052083333333333336 0.5297207389771401 0.6188215982234438 1 0.5297207389771401 0.636182709334555 1 0.6102846866105742 0.6275021537789994 1