2 0.10663507109004738 0.12280762551324244 0.0947867298578199 0.05856515373352855 0.05924170616113744 0.12280762551324242 1 0.15402843601895735 0.10816633707986029 1 0.15402843601895735 0.12280762551324242 1 0.15402843601895735 0.13744891394662456 1
2 0.34164381889030193 0.12454624753289573 0.14218009478672985 0.07320644216691069 0.270553771496937 0.12454624753289571 1 0.4127338662836669 0.1123451738384106 1 0.4127338662836669 0.13674732122738084 1
2 0.5775694356489827 0.14359549473370226 0.14218009478672985 0.07320644216691069 0.5064793882556178 0.14359549473370226 1 0.6486594830423477 0.13139442103921717 1 0.6486594830423477 0.1557965684281874 1
1 0.7823231212622009 0.14364793974338036 0.11848341232227488 0.08784773060029283 0.7230814151010635 0.14364793974338033 1 0.8415648274233384 0.14364793974338033 1
0 0.13033175355450238 0.4303107831864683 0.14218009478672985 0.07320644216691069 0.05924170616113744 0.41200917264474063 1 0.05924170616113744 0.4303107831864683 1 0.05924170616113744 0.448612393728196 1 0.2014218009478673 0.4303107831864683 1
0 0.3820680080173345 0.4195989997022589 0.14218009478672985 0.07320644216691069 0.31097796062396954 0.40739792600777375 1 0.31097796062396954 0.4318000733967439 1 0.4531580554106994 0.40739792600777375 1 0.4531580554106994 0.4318000733967439 1
1 0.5536035804395152 0.44896606557983015 0.11848341232227488 0.08784773060029283 0.4943618742783777 0.4270041329297569 1 0.4943618742783777 0.44896606557983015 1 0.4943618742783777 0.47092799822990333 1 0.6128452866006525 0.44896606557983015 1
1 0.8170548379715216 0.4403221012658865 0.11848341232227488 0.08784773060029283 0.7578131318103841 0.4183601686158133 1 0.7578131318103841 0.4403221012658865 1 0.7578131318103841 0.46228403391595974 1 0.876296544132659 0.4183601686158133 1 0.876296544132659 0.4403221012658865 1 0.876296544132659 0.46228403391595974 1
2 0.14296347213236602 0.7030343463659338 0.14218009478672985 0.07320644216691069 0.07187342473900109 0.7030343463659338 1 0.21405351952573096 0.684732735824206 1 0.21405351952573096 0.7030343463659338 1 0.21405351952573096 0.7213359569076614 1
0 0.32931997896227466 0.7089492596934874 0.14218009478672985 0.07320644216691069 0.2582299315689097 0.7089492596934873 1 0.4004100263556396 0.7089492596934873 1
3 0.586444142165548 0.7063775635204707 0.0947867298578199 0.05856515373352855 0.539050777236638 0.7063775635204707 1 0.6338375070944579 0.7063775635204707 1