2 0.10332950631458095 0.13513513513513514 0.09184845005740529 0.07722007722007722 0.0574052812858783 0.13513513513513514 1 0.14925373134328357 0.12226512226512228 1 0.14925373134328357 0.14800514800514802 1
0 0.38162873445112444 0.14478764478764478 0.1377726750861079 0.09652509652509653 0.3127423969080705 0.14478764478764478 1 0.4505150719941784 0.12065637065637065 1 0.4505150719941784 0.14478764478764478 1 0.4505150719941784 0.16891891891891891 1
0 0.5872387905131012 0.14478764478764478 0.1377726750861079 0.09652509652509653 0.5183524529700473 0.12065637065637065 1 0.5183524529700473 0.14478764478764478 1 0.5183524529700473 0.16891891891891891 1 0.6561251280561553 0.12065637065637065 1 0.6561251280561553 0.14478764478764478 1 0.6561251280561553 0.16891891891891891 1
1 0.7622967469240403 0.15444015444015444 0.1148105625717566 0.11583011583011583 0.704891465638162 0.15444015444015444 1 0.8197020282099187 0.12548262548262548 1 0.8197020282099187 0.15444015444015444 1 0.8197020282099187 0.1833976833976834 1
0 0.12629161882893225 0.3363458642428606 0.1377726750861079 0.09652509652509653 0.0574052812858783 0.3202583481553445 1 0.0574052812858783 0.3524333803303767 1 0.19517795637198623 0.3202583481553445 1 0.19517795637198623 0.3524333803303767 1
2 0.3344460320161594 0.34217339420566795 0.1377726750861079 0.09652509652509653 0.26555969447310546 0.34217339420566795 1 0.40333236955921337 0.34217339420566795 1
1 0.5487130262534569 0.3464294351864173 0.1148105625717566 0.11583011583011583 0.49130774496757856 0.3464294351864173 1 0.6061183075393352 0.3174719062288883 1 0.6061183075393352 0.3464294351864173 1 0.6061183075393352 0.37538696414394623 1
2 0.8320908843322851 0.3142145281118205 0.1377726750861079 0.09652509652509653 0.7632045467892311 0.3142145281118205 1 0.900977221875339 0.3142145281118205 1
0 0.12629161882893225 0.5271566194814867 0.1377726750861079 0.09652509652509653 0.0574052812858783 0.5110691033939706 1 0.0574052812858783 0.5432441355690028 1 0.19517795637198623 0.5271566194814867 1
0 0.3780680581804797 0.5781678973489236 0.1377726750861079 0.09652509652509653 0.30918172063742577 0.5540366232176495 1 0.30918172063742577 0.5781678973489236 1 0.30918172063742577 0.6022991714801976 1 0.4469543957235337 0.5781678973489236 1
2 0.5469955750938678 0.5640746458764189 0.1377726750861079 0.09652509652509653 0.47810923755081386 0.5640746458764189 1 0.6158819126369218 0.5399433717451447 1 0.6158819126369218 0.5640746458764189 1 0.6158819126369218 0.588205920007693 1
2 0.8312861124224822 0.5140882584055939 0.1377726750861079 0.09652509652509653 0.7623997748794282 0.5140882584055939 1 0.9001724499655361 0.5140882584055939 1
1 0.13837964763915386 0.7914712008549456 0.1148105625717566 0.11583011583011583 0.08097436635327557 0.7914712008549456 1 0.19578492892503216 0.7721661815499262 1 0.19578492892503216 0.8107762201599649 1
3 0.2935700505712342 0.720481849013088 0.09184845005740529 0.07722007722007722 0.24764582554253153 0.707611836143075 1 0.24764582554253153 0.7333518618831009 1 0.33949427559993683 0.720481849013088 1