2 0.10817307692307693 0.12027491408934708 0.09615384615384616 0.06872852233676977 0.06009615384615385 0.12027491408934708 1 0.15625 0.12027491408934708 1
0 0.3387958664715719 0.12886597938144329 0.14423076923076922 0.0859106529209622 0.26668048185618726 0.10738831615120274 1 0.26668048185618726 0.12886597938144329 1 0.26668048185618726 0.15034364261168384 1 0.4109112510869565 0.12886597938144329 1
2 0.5749279722511812 0.12886597938144329 0.14423076923076922 0.0859106529209622 0.5028125876357966 0.12886597938144329 1 0.6470433568665659 0.11454753722794961 1 0.6470433568665659 0.14318442153493702 1
0 0.789540388211719 0.12886597938144329 0.14423076923076922 0.0859106529209622 0.7174250035963344 0.11454753722794961 1 0.7174250035963344 0.14318442153493702 1 0.8616557728271037 0.12886597938144329 1
1 0.12476926204778327 0.4485200524221419 0.1201923076923077 0.10309278350515463 0.06467310820162941 0.4313379218379495 1 0.06467310820162941 0.46570218300633437 1 0.1848654158939371 0.44852005242214193 1
2 0.3440382130567551 0.37394097046980385 0.14423076923076922 0.0859106529209622 0.2719228284413705 0.37394097046980385 1 0.4161535976721397 0.35962252831631014 1 0.4161535976721397 0.38825941262329755 1
0 0.5631402594178596 0.3548197171205682 0.14423076923076922 0.0859106529209622 0.49102487480247503 0.3548197171205682 1 0.6352556440332443 0.3405012749670745 1 0.6352556440332443 0.3691381592740619 1
2 0.7685161689491473 0.3697191723108534 0.14423076923076922 0.0859106529209622 0.6964007843337627 0.3697191723108534 1 0.8406315535645319 0.3554007301573597 1 0.8406315535645319 0.3840376144643471 1
1 0.1201923076923077 0.6771779500279624 0.1201923076923077 0.10309278350515463 0.06009615384615385 0.6599958194437701 1 0.06009615384615385 0.6943600806121549 1 0.18028846153846154 0.6514047541516738 1 0.18028846153846154 0.6771779500279624 1 0.18028846153846154 0.7029511459042511 1
1 0.35670446686835067 0.6479074131355518 0.1201923076923077 0.10309278350515463 0.2966083130221968 0.622134217259263 1 0.2966083130221968 0.6479074131355517 1 0.2966083130221968 0.6736806090118403 1 0.41680062071450447 0.622134217259263 1 0.41680062071450447 0.6479074131355517 1 0.41680062071450447 0.6736806090118403 1
2 0.5898420755305152 0.6408654440391996 0.14423076923076922 0.0859106529209622 0.5177266909151306 0.6408654440391996 1 0.6619574601458998 0.626547001885706 1 0.6619574601458998 0.6551838861926933 1
3 0.7339240363087678 0.6926946194507819 0.09615384615384616 0.06872852233676977 0.6858471132318447 0.6926946194507819 1 0.7820009593856908 0.6926946194507819 1