2 0.12177134427335135 0.1364522417153996 0.09696969696969697 0.07797270955165692 0.07328649578850285 0.1364522417153996 1 0.17025619275819984 0.1364522417153996 1
0 0.3478798920804228 0.14619883040935672 0.14545454545454545 0.09746588693957114 0.27515261935315005 0.12995451591942822 1 0.27515261935315005 0.16244314489928527 1 0.4206071648076955 0.12183235867446393 1 0.4206071648076955 0.14619883040935672 1 0.4206071648076955 0.1705653021442495 1
0 0.544598967927093 0.14619883040935672 0.14545454545454545 0.09746588693957114 0.4718716951998202 0.14619883040935672 1 0.6173262406543657 0.12995451591942822 1 0.6173262406543657 0.16244314489928527 1
2 0.7845428282437494 0.14619883040935672 0.14545454545454545 0.09746588693957114 0.7118155555164767 0.14619883040935672 1 0.8572701009710221 0.12995451591942822 1 0.8572701009710221 0.16244314489928527 1
1 0.12121212121212122 0.3502210991771396 0.12121212121212122 0.11695906432748537 0.06060606060606061 0.3209813330952683 1 0.06060606060606061 0.3502210991771396 1 0.06060606060606061 0.37946086525901096 1 0.18181818181818182 0.3209813330952683 1 0.18181818181818182 0.3502210991771396 1 0.18181818181818182 0.37946086525901096 1
2 0.31025453720999396 0.31782979098531106 0.14545454545454545 0.09746588693957114 0.2375272644827212 0.31782979098531106 1 0.38298180993726666 0.31782979098531106 1
2 0.5885680742854993 0.3346826414316352 0.14545454545454545 0.09746588693957114 0.5158408015582265 0.3346826414316352 1 0.661295347012772 0.3103161696967424 1 0.661295347012772 0.3346826414316352 1 0.661295347012772 0.359049113166528 1
1 0.7649126034601212 0.32871893760714865 0.12121212121212122 0.11695906432748537 0.7043065428540606 0.29947917152527737 1 0.7043065428540606 0.3287189376071487 1 0.7043065428540606 0.35795870368902005 1 0.8255186640661818 0.3287189376071487 1
0 0.13333333333333333 0.5341173387562046 0.14545454545454545 0.09746588693957114 0.06060606060606061 0.5097508670213118 1 0.06060606060606061 0.5341173387562045 1 0.06060606060606061 0.5584838104910973 1 0.20606060606060606 0.5341173387562045 1
0 0.3551244234954041 0.5091920068795184 0.14545454545454545 0.09746588693957114 0.2823971507681313 0.4848255351446255 1 0.2823971507681313 0.5091920068795184 1 0.2823971507681313 0.5335584786144112 1 0.42785169622267677 0.5091920068795184 1
2 0.5585855570488918 0.5352670140518209 0.14545454545454545 0.09746588693957114 0.4858582843216191 0.5352670140518209 1 0.6313128297761645 0.5352670140518209 1
0 0.8259407308632366 0.5423327114939394 0.14545454545454545 0.09746588693957114 0.7532134581359639 0.5260883970040108 1 0.7532134581359639 0.5585770259838678 1 0.8986680035905092 0.5423327114939394 1
0 0.17257379969289754 0.758477840718284 0.14545454545454545 0.09746588693957114 0.09984652696562481 0.7422335262283556 1 0.09984652696562481 0.7747221552082125 1 0.24530107242017024 0.7584778407182841 1
3 0.30769728835428367 0.744102663002806 0.09696969696969697 0.07797270955165692 0.2592124398694352 0.7246094856148918 1 0.2592124398694352 0.744102663002806 1 0.2592124398694352 0.7635958403907203 1 0.3561821368391322 0.744102663002806 1