2 0.12379642365887207 0.11589403973509935 0.11004126547455295 0.06622516556291391 0.0687757909215956 0.11589403973509933 1 0.17881705639614856 0.11589403973509933 1
1 0.37827344161835813 0.13245033112582782 0.1375515818431912 0.09933774834437085 0.30949765069676255 0.11589403973509933 1 0.30949765069676255 0.1490066225165563 1 0.4470492325399538 0.11589403973509933 1 0.4470492325399538 0.1490066225165563 1
0 0.5584191606949555 0.15905158910008704 0.16506189821182943 0.08278145695364239 0.4758882115890407 0.13835622486167645 1 0.4758882115890407 0.15905158910008704 1 0.4758882115890407 0.17974695333849763 1 0.6409501098008701 0.14525467960781333 1 0.6409501098008701 0.1728484985923608 1
0 0.7831586320320548 0.15760843633032373 0.16506189821182943 0.08278145695364239 0.7006276829261401 0.13691307209191314 1 0.7006276829261401 0.15760843633032373 1 0.7006276829261401 0.17830380056873432 1 0.8656895811379695 0.15760843633032373 1
1 0.15209760813912224 0.37757549497223725 0.1375515818431912 0.09933774834437085 0.08332181721752664 0.3610192035815088 1 0.08332181721752664 0.39413178636296575 1 0.22087339906071785 0.3610192035815088 1 0.22087339906071785 0.39413178636296575 1
2 0.3431878609254434 0.41229930921769387 0.16506189821182943 0.08278145695364239 0.26065691181952866 0.41229930921769387 1 0.4257188100313581 0.41229930921769387 1
1 0.6084651710656024 0.3886392440355353 0.1375515818431912 0.09933774834437085 0.5396893801440068 0.37208295264480684 1 0.5396893801440068 0.4051955354262638 1 0.677240961987198 0.3638048069494426 1 0.677240961987198 0.38863924403553535 1 0.677240961987198 0.413473681121628 1
2 0.8123418216673461 0.4519807137944023 0.16506189821182943 0.08278145695364239 0.7298108725614314 0.4519807137944023 1 0.8948727707732609 0.4312853495559917 1 0.8948727707732609 0.4519807137944023 1 0.8948727707732609 0.47267607803281286 1
1 0.1375515818431912 0.6424130087795721 0.1375515818431912 0.09933774834437085 0.0687757909215956 0.6424130087795721 1 0.2063273727647868 0.6175785716934794 1 0.2063273727647868 0.6424130087795721 1 0.2063273727647868 0.6672474458656648 1
2 0.32753393671976405 0.6276300349538156 0.16506189821182943 0.08278145695364239 0.2450029876138493 0.6276300349538156 1 0.41006488582567874 0.6276300349538156 1
2 0.5962970211407878 0.6609681970426441 0.16506189821182943 0.08278145695364239 0.513766072034873 0.6609681970426441 1 0.6788279702467024 0.6609681970426441 1
3 0.7507298773299989 0.6274143684790912 0.11004126547455295 0.06622516556291391 0.6957092445927224 0.616376840885272 1 0.6957092445927224 0.6384518960729101 1 0.8057505100672755 0.627414368479091 1