2 0.11152416356877323 0.09909037886639305 0.09913258983890955 0.05398110661268556 0.061957868649318466 0.09909037886639303 1 0.161090458488228 0.09009352776427879 1 0.161090458488228 0.10808722996850731 1
0 0.31671938208856176 0.10121457489878542 0.14869888475836432 0.06747638326585695 0.2423699397093796 0.08434547908232119 1 0.2423699397093796 0.10121457489878542 1 0.2423699397093796 0.11808367071524967 1 0.3910688244677439 0.08434547908232119 1 0.3910688244677439 0.10121457489878542 1 0.3910688244677439 0.11808367071524967 1
1 0.6017369641601816 0.10796221322537111 0.12391573729863693 0.08097165991902834 0.5397790955108631 0.08771929824561403 1 0.5397790955108631 0.10796221322537113 1 0.5397790955108631 0.1282051282051282 1 0.6636948328094999 0.08771929824561403 1 0.6636948328094999 0.10796221322537113 1 0.6636948328094999 0.1282051282051282 1
2 0.7663518594101694 0.10121457489878542 0.14869888475836432 0.06747638326585695 0.6920024170309872 0.10121457489878542 1 0.8407013017893515 0.10121457489878542 1
2 0.17489826110287499 0.39758784328137275 0.14869888475836432 0.06747638326585695 0.10054881872369284 0.39758784328137275 1 0.24924770348205716 0.3807187474649085 1 0.24924770348205716 0.39758784328137275 1 0.24924770348205716 0.414456939097837 1
1 0.37474631552962795 0.357886511186386 0.12391573729863693 0.08097165991902834 0.3127884468803095 0.34439123453321463 1 0.3127884468803095 0.3713817878395574 1 0.4367041841789464 0.34439123453321463 1 0.4367041841789464 0.3713817878395574 1
2 0.5579460296863006 0.3372592845714892 0.14869888475836432 0.06747638326585695 0.4835965873071184 0.3372592845714892 1 0.6322954720654828 0.32601322069384636 1 0.6322954720654828 0.348505348449132 1
0 0.809588370806346 0.4171827320089796 0.14869888475836432 0.06747638326585695 0.7352389284271639 0.40031363619251537 1 0.7352389284271639 0.4171827320089796 1 0.7352389284271639 0.4340518278254438 1 0.8839378131855282 0.40031363619251537 1 0.8839378131855282 0.4171827320089796 1 0.8839378131855282 0.4340518278254438 1
0 0.17565135306410223 0.6744402370581314 0.14869888475836432 0.06747638326585695 0.10130191068492007 0.6744402370581314 1 0.2500007954432844 0.6575711412416672 1 0.2500007954432844 0.6744402370581314 1 0.2500007954432844 0.6913093328745956 1
0 0.3948267495036084 0.7171918343600343 0.14869888475836432 0.06747638326585695 0.32047730712442624 0.70032273854357 1 0.32047730712442624 0.7171918343600342 1 0.32047730712442624 0.7340609301764984 1 0.4691761918827906 0.7171918343600342 1
0 0.5987722426172768 0.6614429053115666 0.14869888475836432 0.06747638326585695 0.5244228002380946 0.6614429053115666 1 0.6731216849964589 0.6614429053115666 1
3 0.7846071033098474 0.6302583390945492 0.09913258983890955 0.05398110661268556 0.7350408083903927 0.6167630624413778 1 0.7350408083903927 0.6302583390945492 1 0.7350408083903927 0.6437536157477206 1 0.8341733982293021 0.6302583390945492 1