2 0.13511205548533878 0.12152777777777778 0.09070294784580499 0.06944444444444445 0.08976058156243627 0.12152777777777778 1 0.18046352940824126 0.10416666666666667 1 0.18046352940824126 0.12152777777777778 1 0.18046352940824126 0.1388888888888889 1
0 0.30409303638316293 0.13020833333333331 0.1360544217687075 0.08680555555555555 0.2360658254988092 0.13020833333333334 1 0.3721202472675167 0.13020833333333334 1
1 0.587762755385232 0.1924388931321456 0.11337868480725624 0.10416666666666667 0.5310734129816039 0.16639722646547891 1 0.5310734129816039 0.19243889313214557 1 0.5310734129816039 0.21848055979881226 1 0.6444520977888601 0.17507778202103447 1 0.6444520977888601 0.2098000042432567 1
2 0.7455110077629041 0.14765289579611568 0.1360544217687075 0.08680555555555555 0.6774837968785504 0.14765289579611568 1 0.8135382186472578 0.1331853032035231 1 0.8135382186472578 0.16212048838870827 1
1 0.11337868480725624 0.39043724951347303 0.11337868480725624 0.10416666666666667 0.05668934240362812 0.373076138402362 1 0.05668934240362812 0.4077983606245842 1 0.17006802721088435 0.373076138402362 1 0.17006802721088435 0.4077983606245842 1
2 0.3438926082229505 0.44195079757896366 0.1360544217687075 0.08680555555555555 0.2758653973385967 0.44195079757896366 1 0.4119198191073042 0.42748320498637105 1 0.4119198191073042 0.4564183901715562 1
0 0.5613544505276421 0.3521518495872894 0.1360544217687075 0.08680555555555555 0.49332723964328834 0.3376842569946968 1 0.49332723964328834 0.366619442179882 1 0.6293816614119958 0.3376842569946968 1 0.6293816614119958 0.366619442179882 1
2 0.7881721727903839 0.3804902098555364 0.1360544217687075 0.08680555555555555 0.7201449619060302 0.3804902098555364 1 0.8561993836747376 0.3660226172629438 1 0.8561993836747376 0.394957802448129 1
0 0.1484461774976226 0.7214497015095056 0.1360544217687075 0.08680555555555555 0.08041896661326885 0.7214497015095056 1 0.21647338838197633 0.7214497015095056 1
2 0.3614036377542976 0.7025962869768815 0.1360544217687075 0.08680555555555555 0.29337642686994386 0.7025962869768815 1 0.42943084863865133 0.6881286943842889 1 0.42943084863865133 0.717063879569474 1
2 0.5312575115072498 0.6888627826339776 0.1360544217687075 0.08680555555555555 0.463230300622896 0.6888627826339776 1 0.5992847223916035 0.6671613937450886 1 0.5992847223916035 0.6888627826339776 1 0.5992847223916035 0.7105641715228664 1
3 0.7869657620495538 0.6314047512180009 0.09070294784580499 0.06944444444444445 0.7416142881266513 0.631404751218001 1 0.8323172359724563 0.631404751218001 1