2 0.12123599204124642 0.11677390364491345 0.08429926238145416 0.05319148936170213 0.07908636085051934 0.11677390364491345 1 0.1633856232319735 0.10347603130448793 1 0.1633856232319735 0.11677390364491345 1 0.1633856232319735 0.130071775985339 1
1 0.33965090348114574 0.10638297872340426 0.1053740779768177 0.0797872340425532 0.28696386449273686 0.08643617021276596 1 0.28696386449273686 0.10638297872340426 1 0.28696386449273686 0.12632978723404256 1 0.39233794246955456 0.08643617021276596 1 0.39233794246955456 0.10638297872340426 1 0.39233794246955456 0.12632978723404256 1
2 0.5682210745271561 0.10635242301834859 0.12644889357218125 0.06648936170212766 0.5049966277410655 0.10635242301834859 1 0.6314455213132468 0.10635242301834859 1
1 0.7431831914586112 0.11813050812620833 0.1053740779768177 0.0797872340425532 0.6904961524702024 0.09818369961557002 1 0.6904961524702024 0.11813050812620832 1 0.6904961524702024 0.1380773166368466 1 0.7958702304470201 0.11813050812620832 1
0 0.1498321874054574 0.31638990520572474 0.12644889357218125 0.06648936170212766 0.08660774061936675 0.30530834492203673 1 0.08660774061936675 0.32747146548941264 1 0.213056634191548 0.2997675647801928 1 0.213056634191548 0.3163899052057247 1 0.213056634191548 0.33301224563125664 1
0 0.34038280453150094 0.3333232366782267 0.12644889357218125 0.06648936170212766 0.2771583577454103 0.31670089625269476 1 0.2771583577454103 0.33332323667822666 1 0.2771583577454103 0.3499455771037586 1 0.40360725131759156 0.33332323667822666 1
2 0.5857022074437147 0.3559227653465934 0.12644889357218125 0.06648936170212766 0.5224777606576241 0.35592276534659334 1 0.6489266542298053 0.35592276534659334 1
2 0.7489438411957948 0.35103380732169465 0.12644889357218125 0.06648936170212766 0.6857193944097042 0.3510338073216946 1 0.8121682879818855 0.3510338073216946 1
1 0.13387577768256342 0.5455255969751647 0.1053740779768177 0.0797872340425532 0.08118873869415456 0.5455255969751647 1 0.18656281667097227 0.5455255969751647 1
1 0.33777484154966786 0.5240555893485251 0.1053740779768177 0.0797872340425532 0.285087802561259 0.5107577170080996 1 0.285087802561259 0.5373534616889507 1 0.39046188053807673 0.5107577170080996 1 0.39046188053807673 0.5373534616889507 1
0 0.6049679591042486 0.5189652337935259 0.12644889357218125 0.06648936170212766 0.541743512318158 0.507883673509838 1 0.541743512318158 0.5300467940772138 1 0.6681924058903392 0.5189652337935259 1
1 0.7431010993033101 0.5090222978421451 0.1053740779768177 0.0797872340425532 0.6904140603149013 0.48907548933150685 1 0.6904140603149013 0.5090222978421451 1 0.6904140603149013 0.5289691063527834 1 0.7957881382917189 0.5090222978421451 1
1 0.11326638934133867 0.7804211790184795 0.1053740779768177 0.0797872340425532 0.060579350352929814 0.7604743705078413 1 0.060579350352929814 0.7804211790184795 1 0.060579350352929814 0.8003679875291179 1 0.16595342832974752 0.7671233066780541 1 0.16595342832974752 0.7937190513589051 1
3 0.32429132832730034 0.7659583208884042 0.08429926238145416 0.05319148936170213 0.2821416971365733 0.7659583208884043 1 0.36644095951802746 0.7659583208884043 1