2 0.09977827050997784 0.170837200565766 0.08869179600886919 0.08438818565400844 0.05543237250554324 0.17083720056576598 1 0.14412416851441243 0.15677250295676456 1 0.14412416851441243 0.1849018981747674 1
0 0.3444007617042216 0.15822784810126583 0.13303769401330376 0.10548523206751055 0.27788191469756973 0.1406469760900141 1 0.27788191469756973 0.1758087201125176 1 0.4109196087108735 0.15822784810126583 1
1 0.5258570848712001 0.16877637130801687 0.11086474501108648 0.12658227848101267 0.4704247123656568 0.1371308016877637 1 0.4704247123656568 0.16877637130801687 1 0.4704247123656568 0.20042194092827004 1 0.5812894573767433 0.1371308016877637 1 0.5812894573767433 0.16877637130801687 1 0.5812894573767433 0.20042194092827004 1
0 0.7658976541785999 0.16270055957940252 0.13303769401330376 0.10548523206751055 0.699378807171948 0.13632925156252487 1 0.699378807171948 0.16270055957940252 1 0.699378807171948 0.18907186759628014 1 0.8324165011852518 0.16270055957940252 1
2 0.12195121951219512 0.35882012558805926 0.13303769401330376 0.10548523206751055 0.05543237250554324 0.35882012558805926 1 0.188470066518847 0.3324488175711816 1 0.188470066518847 0.35882012558805926 1 0.188470066518847 0.3851914336049369 1
0 0.3483588371837018 0.36563438398738884 0.13303769401330376 0.10548523206751055 0.2818399901770499 0.33926307597051114 1 0.2818399901770499 0.3656343839873888 1 0.2818399901770499 0.39200569200426644 1 0.4148776841903537 0.34805351197613704 1 0.4148776841903537 0.3832152559986406 1
0 0.5392633694034157 0.3810021992460428 0.13303769401330376 0.10548523206751055 0.47274452239676384 0.3810021992460428 1 0.6057822164100677 0.363421327234791 1 0.6057822164100677 0.39858307125729453 1
1 0.7814111921668976 0.3477253398162288 0.11086474501108648 0.12658227848101267 0.7259788196613544 0.3160797701959756 1 0.7259788196613544 0.3477253398162288 1 0.7259788196613544 0.37937090943648194 1 0.8368435646724408 0.3477253398162288 1
2 0.12195121951219512 0.5359667361131706 0.13303769401330376 0.10548523206751055 0.05543237250554324 0.5359667361131706 1 0.188470066518847 0.5183858641019188 1 0.188470066518847 0.5535476081244223 1
2 0.38579787843664387 0.563164172501709 0.13303769401330376 0.10548523206751055 0.319279031429992 0.563164172501709 1 0.45231672544329576 0.5455833004904572 1 0.45231672544329576 0.5807450445129607 1
1 0.5875452662998834 0.5364391050317396 0.11086474501108648 0.12658227848101267 0.5321128937943401 0.5047935354114865 1 0.5321128937943401 0.5364391050317396 1 0.5321128937943401 0.5680846746519929 1 0.6429776388054266 0.5364391050317396 1
2 0.7817479562026332 0.5784363127770149 0.13303769401330376 0.10548523206751055 0.7152291091959813 0.5784363127770148 1 0.848266803209285 0.5520650047601372 1 0.848266803209285 0.5784363127770148 1 0.848266803209285 0.6048076207938925 1
2 0.1526185592061573 0.7374516408604982 0.13303769401330376 0.10548523206751055 0.08609971219950541 0.7374516408604982 1 0.21913740621280917 0.7374516408604982 1
3 0.346902781219103 0.7364795111831154 0.08869179600886919 0.08438818565400844 0.3025568832146684 0.722414813574114 1 0.3025568832146684 0.7505442087921168 1 0.39124867922353757 0.7364795111831154 1