2 0.11467392204699352 0.10416666666666666 0.0861141011840689 0.05952380952380952 0.07161687145495907 0.10416666666666667 1 0.15773097263902794 0.10416666666666667 1
2 0.35237302885033117 0.11160714285714285 0.12917115177610333 0.0744047619047619 0.2877874529622795 0.11160714285714286 1 0.4169586047383828 0.11160714285714286 1
0 0.5714982915800222 0.12964992399542913 0.12917115177610333 0.0744047619047619 0.5069127156919705 0.11104873351923865 1 0.5069127156919705 0.12964992399542913 1 0.5069127156919705 0.1482511144716196 1 0.6360838674680739 0.12964992399542913 1
0 0.7614837790071552 0.11160714285714285 0.12917115177610333 0.0744047619047619 0.6968982031191036 0.09300595238095238 1 0.6968982031191036 0.11160714285714286 1 0.6968982031191036 0.13020833333333334 1 0.8260693548952068 0.09920634920634921 1 0.8260693548952068 0.12400793650793653 1
2 0.14983384606827882 0.3104593188862674 0.12917115177610333 0.0744047619047619 0.08524827018022717 0.3104593188862674 1 0.2144194219563305 0.3104593188862674 1
0 0.352463204193163 0.34374504088358965 0.12917115177610333 0.0744047619047619 0.2878776283051114 0.3251438504073992 1 0.2878776283051114 0.34374504088358965 1 0.2878776283051114 0.3623462313597801 1 0.4170487800812147 0.331344247232796 1 0.4170487800812147 0.3561458345343833 1
0 0.5845545855006977 0.2959318846214269 0.12917115177610333 0.0744047619047619 0.519969009612646 0.2959318846214269 1 0.6491401613887494 0.2959318846214269 1
1 0.7881510274889125 0.32278806714263386 0.10764262648008611 0.08928571428571429 0.7343297142488695 0.32278806714263386 1 0.8419723407289557 0.3004666385712053 1 0.8419723407289557 0.32278806714263386 1 0.8419723407289557 0.34510949571406246 1
0 0.14313889740373753 0.4948755298224842 0.12917115177610333 0.0744047619047619 0.07855332151568588 0.4948755298224842 1 0.20772447329178922 0.48247473617169057 1 0.20772447329178922 0.5072763234732778 1
0 0.37117061785215844 0.5387271618312337 0.12917115177610333 0.0744047619047619 0.3065850419641068 0.5201259713550432 1 0.3065850419641068 0.5387271618312337 1 0.3065850419641068 0.5573283523074242 1 0.43575619374021013 0.5201259713550432 1 0.43575619374021013 0.5387271618312337 1 0.43575619374021013 0.5573283523074242 1
2 0.6032652712660904 0.5395791893583828 0.12917115177610333 0.0744047619047619 0.5386796953780387 0.5395791893583828 1 0.6678508471541421 0.5395791893583828 1
1 0.7415792938485803 0.5092912733266327 0.10764262648008611 0.08928571428571429 0.6877579806085373 0.5092912733266327 1 0.7954006070886235 0.48696984475520416 1 0.7954006070886235 0.5092912733266327 1 0.7954006070886235 0.5316127018980613 1
2 0.11840688912809472 0.7609504506400773 0.12917115177610333 0.0744047619047619 0.05382131324004306 0.7609504506400773 1 0.18299246501614638 0.7423492601638868 1 0.18299246501614638 0.7609504506400773 1 0.18299246501614638 0.7795516411162678 1
1 0.33175908976286694 0.753161825043675 0.10764262648008611 0.08928571428571429 0.27793777652282387 0.7531618250436751 1 0.38558040300291 0.7531618250436751 1
3 0.5082236265147891 0.7496249617789802 0.0861141011840689 0.05952380952380952 0.46516657592275473 0.7397043268583453 1 0.46516657592275473 0.7595455966996152 1 0.5512806771068236 0.7496249617789802 1