2 0.09109311740890688 0.1116427432216906 0.08097165991902834 0.06379585326953748 0.05060728744939271 0.11164274322169059 1 0.13157894736842105 0.09569377990430622 1 0.13157894736842105 0.11164274322169059 1 0.13157894736842105 0.12759170653907495 1
1 0.3348820030932008 0.175218251538727 0.10121457489878542 0.09569377990430622 0.28427471564380813 0.15926928822134262 1 0.28427471564380813 0.19116721485611138 1 0.38548929054259357 0.15926928822134262 1 0.38548929054259357 0.19116721485611138 1
0 0.55273302691261 0.15498570636157777 0.1214574898785425 0.07974481658692185 0.4920042819733387 0.1416949035970908 1 0.4920042819733387 0.16827650912606476 1 0.6134617718518812 0.15498570636157777 1
2 0.7898084983156595 0.15579985075705022 0.1214574898785425 0.07974481658692185 0.7290797533763882 0.15579985075705022 1 0.8505372432549307 0.15579985075705022 1
1 0.10959801059078865 0.3589126206204739 0.10121457489878542 0.09569377990430622 0.05899072314139594 0.33498917564439734 1 0.05899072314139594 0.3589126206204739 1 0.05899072314139594 0.3828360655965504 1 0.16020529804018138 0.33498917564439734 1 0.16020529804018138 0.3589126206204739 1 0.16020529804018138 0.3828360655965504 1
0 0.3353689514656252 0.4127501208394227 0.1214574898785425 0.07974481658692185 0.2746402065263539 0.3928139166926922 1 0.2746402065263539 0.4127501208394227 1 0.2746402065263539 0.43268632498615317 1 0.39609769640489645 0.4127501208394227 1
2 0.5590883804800579 0.36034455440285873 0.1214574898785425 0.07974481658692185 0.49835963554078666 0.3603445544028587 1 0.6198171254193291 0.3603445544028587 1
0 0.7927326241043837 0.37525597395038174 0.1214574898785425 0.07974481658692185 0.7320038791651124 0.3619651711858947 1 0.7320038791651124 0.3885467767148687 1 0.8534613690436549 0.3619651711858947 1 0.8534613690436549 0.3885467767148687 1
0 0.11133603238866396 0.6536529580098233 0.1214574898785425 0.07974481658692185 0.05060728744939271 0.6536529580098231 1 0.1720647773279352 0.6337167538630927 1 0.1720647773279352 0.6536529580098231 1 0.1720647773279352 0.6735891621565536 1
2 0.36549086879687015 0.6363924673468501 0.1214574898785425 0.07974481658692185 0.3047621238575989 0.6363924673468501 1 0.4262196137361414 0.6363924673468501 1
0 0.6012953821103894 0.6430260333220833 0.1214574898785425 0.07974481658692185 0.5405666371711181 0.6430260333220833 1 0.6620241270496606 0.6297352305575964 1 0.6620241270496606 0.6563168360865702 1
3 0.739123816186183 0.700414742143059 0.08097165991902834 0.06379585326953748 0.6986379862266687 0.700414742143059 1 0.779609646145697 0.700414742143059 1