2 0.09221311475409835 0.14915267740132657 0.08196721311475409 0.0631911532385466 0.05122950819672131 0.14915267740132657 1 0.13319672131147542 0.14915267740132657 1
0 0.3714408492921515 0.11848341232227488 0.12295081967213115 0.07898894154818326 0.3099654394560859 0.10531858873091102 1 0.3099654394560859 0.13164823591363878 1 0.4329162591282171 0.10531858873091102 1 0.4329162591282171 0.13164823591363878 1
2 0.5862536493819012 0.11848341232227488 0.12295081967213115 0.07898894154818326 0.5247782395458356 0.11848341232227488 1 0.6477290592179666 0.10531858873091102 1 0.6477290592179666 0.13164823591363878 1
2 0.8240655551194364 0.11848341232227488 0.12295081967213115 0.07898894154818326 0.7625901452833708 0.11848341232227488 1 0.8855409649555019 0.10531858873091102 1 0.8855409649555019 0.13164823591363878 1
1 0.10245901639344263 0.4444391039753369 0.10245901639344263 0.0947867298578199 0.05122950819672131 0.420742421510882 1 0.05122950819672131 0.444439103975337 1 0.05122950819672131 0.4681357864397919 1 0.15368852459016394 0.420742421510882 1 0.15368852459016394 0.444439103975337 1 0.15368852459016394 0.4681357864397919 1
2 0.2938256443025612 0.35484495088150764 0.12295081967213115 0.07898894154818326 0.23235023446649564 0.35484495088150764 1 0.35530105413862684 0.35484495088150764 1
0 0.5232329195817188 0.3996039131247813 0.12295081967213115 0.07898894154818326 0.46175750974565327 0.37985667773773546 1 0.46175750974565327 0.3996039131247813 1 0.46175750974565327 0.4193511485118271 1 0.5847083294177844 0.37985667773773546 1 0.5847083294177844 0.3996039131247813 1 0.5847083294177844 0.4193511485118271 1
0 0.7850899724173387 0.37166469789447826 0.12295081967213115 0.07898894154818326 0.7236145625812731 0.37166469789447826 1 0.8465653822534043 0.35191746250743244 1 0.8465653822534043 0.37166469789447826 1 0.8465653822534043 0.39141193328152407 1
1 0.10245901639344263 0.7122990647132535 0.10245901639344263 0.0947867298578199 0.05122950819672131 0.7122990647132535 1 0.15368852459016394 0.7122990647132535 1
1 0.30155185295817255 0.6920648581192708 0.10245901639344263 0.0947867298578199 0.2503223447614512 0.6683681756548158 1 0.2503223447614512 0.6920648581192708 1 0.2503223447614512 0.7157615405837257 1 0.35278136115489384 0.6683681756548158 1 0.35278136115489384 0.6920648581192708 1 0.35278136115489384 0.7157615405837257 1
0 0.5369063928548012 0.7087263666322313 0.12295081967213115 0.07898894154818326 0.47543098301873565 0.6889791312451855 1 0.47543098301873565 0.7087263666322313 1 0.47543098301873565 0.7284736020192771 1 0.5983818026908667 0.6955615430408675 1 0.5983818026908667 0.7218911902235952 1
3 0.7471213401369037 0.6206981430556185 0.08196721311475409 0.0631911532385466 0.7061377335795266 0.6206981430556185 1 0.7881049466942807 0.6206981430556185 1